0.868341 0.771917 0.612934 0.906474
0.260583 0.139004 0.072343 0.033479
0.171183 0.599892 0.102566 0.879790
0.581700 0.980904 0.839758 0.918612
0.415537 0.849237 0.316206 0.991678
0.913971 0.574775 0.823842 0.355247
0.360919 0.277392 0.443034 0.084372
0.692372 0.883474 0.895494 0.761451
0.246265 0.902041 0.210581 0.689465
0.297325 0.596383 0.452264 0.421482
0.897060 0.609338 0.926876 0.315224
0.761970 0.332833 0.753986 0.134065
0.782567 0.624456 1.000000 0.639858
0.750154 0.378969 0.977362 0.524019
0.940318 0.555437 0.694704 0.652521
0.958196 0.698003 0.815784 0.770748
0.649223 0.098847 0.772154 0.000000
0.577558 0.618861 0.551072 0.460288
0.894071 0.060950 0.954604 0.347932
0.482590 0.821462 0.699689 0.681530
0.261301 0.526629 0.315771 0.794383
0.361289 0.639291 0.530412 0.711866
0.506329 0.194568 0.738189 0.006808
0.608727 0.682622 0.457763 0.861385
0.431852 0.798696 0.427894 0.604814
0.201915 0.919157 0.000000 0.989997
0.885455 0.602437 0.847496 0.815436
0.351590 0.246532 0.349646 0.010547
0.784751 0.720673 0.859638 0.545177
0.075597 0.197307 0.142100 0.463598
0.640943 0.980287 0.643575 0.814367
0.179485 0.511026 0.004746 0.627503
0.446401 0.807580 0.672881 0.890610
0.749596 0.342232 0.639531 0.212051
0.216103 0.049007 0.005421 0.158982
0.793272 0.300507 1.000000 0.369019
0.686946 0.718661 0.614709 0.572807
0.880652 0.296106 1.000000 0.202716
0.724776 0.457701 0.957725 0.439577
0.348598 0.068155 0.145723 0.000000
0.700905 0.210786 0.761834 0.399836
0.719097 0.937388 0.606077 0.721513
0.413123 0.734294 0.348119 0.561998
0.690155 0.183379 0.556571 0.259647
0.531599 0.196494 0.382516 0.136683
0.588580 0.515038 0.702289 0.364668
0.902159 0.919014 0.713173 0.834219
0.330271 0.765487 0.368458 1.000000
0.867142 0.456749 0.917917 0.665333
0.560044 0.666180 0.734029 0.599854
