0.142755 0.637713 0.064728 0.631369
0.565885 0.900599 0.583185 0.848192
0.836492 0.357454 0.821668 0.434225
0.553652 0.662346 0.462611 0.667765
0.193966 0.072554 0.251202 0.110200
0.126686 0.473409 0.133433 0.525560
0.266976 0.276514 0.201996 0.260714
0.684110 0.712317 0.654092 0.669052
0.422812 0.984669 0.370168 0.942298
0.944278 0.471539 1.002471 0.479868
0.333528 0.465225 0.390544 0.428772
0.067005 0.842792 -0.007436 0.875082
0.454445 0.035213 0.478218 0.117059
0.417422 0.802066 0.440965 0.755263
0.847051 0.814178 0.853449 0.865498
0.623336 0.754606 0.659574 0.711651
0.862567 0.895842 0.818386 0.939619
0.843362 0.085936 0.924759 0.114828
0.816104 0.811506 0.770796 0.776443
0.839889 0.610756 0.913660 0.581659
0.499182 0.162889 0.535822 0.099082
0.723458 0.780581 0.743393 0.872935
0.930437 0.235290 0.987382 0.179059
0.843895 0.189194 0.823391 0.260495
0.987647 0.976011 0.910539 0.988799
0.989206 0.930671 1.065589 0.868639
0.718996 0.678918 0.800932 0.717618
0.878994 0.549552 0.879385 0.644895
0.448591 0.478729 0.507818 0.540584
0.109324 0.407528 0.034189 0.449658
0.294001 0.877993 0.230656 0.869144
0.009704 0.702621 -0.035612 0.787906
0.130402 0.171946 0.195018 0.221557
0.040024 0.402211 0.005793 0.439188
0.703016 0.620193 0.679613 0.544194
0.932590 0.946391 0.920475 1.044340
0.768043 0.998682 0.711311 1.031877
0.220180 0.301015 0.237668 0.252903
0.029500 0.801948 -0.035728 0.789117
0.549775 0.418575 0.608095 0.348069
0.006472 0.301836 0.047633 0.240073
0.207564 0.161423 0.285923 0.201487
0.517050 0.947477 0.478700 1.003012
0.812346 0.428803 0.772983 0.351177
0.028492 0.554133 -0.065963 0.526417
0.807775 0.686091 0.820029 0.608592
0.202294 0.648535 0.145946 0.644061
0.103820 0.256659 0.019113 0.220646
0.476311 0.208288 0.568921 0.175081
0.030791 0.751339 0.084603 0.671611
0.451557 0.858128 0.493707 0.929936
0.460708 0.039672 0.397007 -0.003743
0.012762 0.375197 0.022044 0.277886
0.494689 0.404362 0.512915 0.348214
0.261588 0.541311 0.190096 0.569128
0.719358 0.017482 0.802091 0.046689
0.226039 0.282374 0.241533 0.363149
0.721327 0.156027 0.643780 0.160924
0.692293 0.768905 0.718396 0.708206
0.108924 0.858796 0.049964 0.778256
0.147401 0.210592 0.234569 0.208424
0.146932 0.267193 0.063688 0.319089
0.758386 0.944738 0.814628 0.895126
0.183408 0.481637 0.153504 0.551189
0.173900 0.545242 0.182378 0.458490
0.813103 0.041717 0.761033 -0.018921
0.579239 0.243922 0.550105 0.327268
0.844837 0.252968 0.754961 0.256211
0.306964 0.731326 0.239772 0.752396
0.811019 0.633213 0.748152 0.643616
0.560999 0.586055 0.483337 0.524130
0.588140 0.397256 0.619625 0.332564
0.372130 0.968821 0.303392 0.968668
0.700159 0.983470 0.691834 1.080250
0.597704 0.990017 0.526475 1.007178
0.002149 0.997476 0.071384 1.055493
0.808692 0.463627 0.871002 0.443628
0.771851 0.986648 0.763095 0.902383
0.959875 0.842900 0.877818 0.882360
0.211421 0.365036 0.179205 0.422845
0.213561 0.192999 0.282713 0.263767
0.377163 0.415892 0.379416 0.500854
0.034195 0.275870 0.019111 0.193519
0.062561 0.798529 -0.017610 0.758990
0.598001 0.664499 0.679420 0.626792
0.579645 0.419383 0.595491 0.324572
0.221533 0.850022 0.291754 0.808086
0.109385 0.617476 0.021668 0.651719
0.323089 0.535698 0.282056 0.567085
0.829444 0.566418 0.730768 0.555777
0.255587 0.050671 0.189993 0.107345
0.579844 0.904552 0.484447 0.903094
0.309941 0.705263 0.229750 0.687140
0.512842 0.025745 0.437975 -0.021474
0.548514 0.918873 0.487337 0.958603
0.386566 0.677915 0.472106 0.694829
0.048600 0.564391 0.134564 0.589718
0.602841 0.456629 0.683597 0.417404
0.037180 0.374540 -0.024640 0.451423
0.815229 0.711051 0.772688 0.621380
0.818900 0.492327 0.900864 0.500251
0.920234 0.299782 0.974119 0.239395
0.709792 0.826765 0.772984 0.830273
0.778541 0.102374 0.777658 0.167203
0.863619 0.578188 0.934573 0.597892
0.953832 0.368878 0.877495 0.404242
0.020496 0.447515 -0.055469 0.405514
0.770111 0.355551 0.861950 0.317350
0.768186 0.534995 0.707948 0.607411
0.892306 0.437315 0.896060 0.339534
0.130324 0.919401 0.114723 0.826313
0.212852 0.643777 0.248177 0.705545
0.469971 0.104564 0.480460 0.188601
0.274917 0.564225 0.329959 0.561511
0.547278 0.117035 0.560731 0.178818
0.943738 0.004843 0.906273 -0.037437
0.112508 0.400198 0.195754 0.440312
0.833616 0.020382 0.827734 -0.042129
0.808382 0.905522 0.717080 0.928126
0.662176 0.476564 0.695199 0.530778
0.260021 0.852830 0.298460 0.799962
0.415502 0.435382 0.367238 0.512544
0.584777 0.240172 0.634468 0.326917
0.158478 0.622762 0.199964 0.562968
0.998573 0.880392 0.970555 0.950761
0.409227 0.806920 0.333914 0.793020
0.748926 0.836869 0.795028 0.924654
0.947228 0.389876 0.939596 0.474353
0.875892 0.188169 0.938338 0.247860
0.793232 0.554433 0.850448 0.532288
0.079727 0.610975 0.030188 0.534498
0.780314 0.438119 0.838231 0.379062
0.816906 0.485222 0.900014 0.537518
0.006279 0.239142 -0.061173 0.273605
0.099753 0.948544 0.049233 0.914177
0.966801 0.035460 0.999693 0.085987
0.703025 0.185858 0.764103 0.164703
0.246510 0.222304 0.152381 0.208959
0.995372 0.309348 1.010279 0.381430
0.174172 0.365991 0.230297 0.376097
0.073118 0.601816 0.135570 0.642819
0.622491 0.151665 0.712779 0.157061
0.587373 0.496983 0.539379 0.530932
0.435570 0.913117 0.398588 0.995433
0.319051 0.304203 0.271362 0.220119
0.460449 0.627497 0.488987 0.715639
0.821643 0.492088 0.816204 0.413033
0.358153 0.018160 0.314117 -0.021127
0.604963 0.178838 0.654258 0.201528
0.243844 0.356972 0.322622 0.332856
0.145400 0.503957 0.068934 0.514894
0.214984 0.623554 0.225099 0.546938
0.927267 0.988378 0.866489 0.931943
0.515235 0.278015 0.511624 0.351231
0.812237 0.248745 0.827297 0.347281
0.857194 0.367899 0.939094 0.324107
0.740687 0.323519 0.688200 0.258187
0.035965 0.719206 -0.008985 0.641092
0.867883 0.631540 0.895964 0.585777
0.903553 0.214492 0.827676 0.222108
0.478273 0.926320 0.530116 0.981486
0.045257 0.309375 0.103858 0.303708
0.749590 0.237959 0.784746 0.152473
0.350344 0.053158 0.286892 0.077686
0.139491 0.990794 0.085690 0.923760
0.698405 0.427951 0.785488 0.415390
0.878222 0.488676 0.803858 0.536763
0.622614 0.005637 0.601856 -0.050015
0.916146 0.078118 0.989403 0.018659
0.394459 0.970998 0.319520 0.951400
0.542690 0.049391 0.508281 0.136222
0.270438 0.931810 0.250260 0.873026
0.874691 0.338482 0.855364 0.260003
0.894012 0.209373 0.843058 0.291716
0.658562 0.445190 0.617850 0.353931
0.471515 0.859625 0.492739 0.780706
0.508216 0.798255 0.477288 0.844559
0.121921 0.655812 0.212580 0.671580
0.715153 0.864740 0.760625 0.892596
0.149560 0.449318 0.145169 0.366957
0.439453 0.995966 0.489516 1.077958
0.436602 0.367399 0.401571 0.319373
0.841213 0.524217 0.928413 0.571058
0.980376 0.964060 1.046856 1.037666
0.204702 0.149171 0.287819 0.148152
0.922070 0.185812 0.889617 0.258824
0.875306 0.631039 0.813414 0.637497
0.317256 0.142391 0.269456 0.199659
0.435389 0.832950 0.351992 0.874669
0.704417 0.263900 0.727209 0.337106
0.562191 0.183882 0.520902 0.240068
0.376793 0.697424 0.308152 0.732791
0.655198 0.493538 0.734484 0.445080
0.607143 0.362809 0.612850 0.447030
0.902553 0.872210 0.901800 0.784573
0.015587 0.255929 -0.061638 0.252212
0.429087 0.606376 0.501151 0.643489
0.643986 0.012185 0.708814 -0.039238
0.431815 0.590520 0.386659 0.501420
0.022334 0.624866 -0.037078 0.587621
0.821692 0.224558 0.861471 0.256164
0.172453 0.811646 0.175249 0.720483
0.574132 0.428804 0.495992 0.439789
0.972091 0.562089 0.991175 0.655332
0.958841 0.696948 0.886154 0.654016
0.475388 0.300464 0.534028 0.369641
0.311519 0.050931 0.391823 0.107262
0.186409 0.057702 0.209404 -0.014638
0.341106 0.005262 0.284012 0.008649
0.518821 0.862593 0.530403 0.787274
0.573315 0.666192 0.624813 0.613416
0.030666 0.527924 -0.054235 0.534846
0.927393 0.087073 0.977903 0.108844
0.268848 0.250228 0.344417 0.185316
0.087228 0.615148 0.152878 0.660186
0.205629 0.542907 0.138205 0.544573
0.917830 0.195756 0.861476 0.132296
0.033453 0.217774 0.052391 0.168576
0.043286 0.956386 0.077185 0.866543
0.241386 0.360186 0.263167 0.275953
0.189612 0.194851 0.206690 0.266421
0.694875 0.209122 0.601683 0.235452
0.969849 0.905574 0.894242 0.860902
0.270196 0.054156 0.327268 0.014732
0.871414 0.585548 0.799182 0.543120
0.667152 0.692266 0.610341 0.686055
0.854879 0.417770 0.811629 0.331128
0.445308 0.081030 0.410627 0.141970
0.125335 0.441077 0.108505 0.380392
0.678150 0.172010 0.657891 0.107985
0.733987 0.307776 0.692868 0.264840
0.953489 0.386240 0.919970 0.427447
0.387931 0.725777 0.440883 0.671216
0.268599 0.528658 0.303303 0.572342
0.665290 0.980940 0.618582 0.956711
0.797815 0.825807 0.721341 0.821790
0.050542 0.504137 0.025848 0.419764
0.630276 0.513252 0.701107 0.502083
0.342796 0.331541 0.420773 0.337678
0.638643 0.766361 0.735990 0.762342
0.345258 0.650845 0.314395 0.602568
0.641190 0.826036 0.712891 0.788080
0.157696 0.987700 0.172854 1.049909
0.532700 0.621099 0.570588 0.693781
0.880354 0.222508 0.969447 0.240230
0.481784 0.933658 0.497453 0.835975
0.245768 0.612895 0.235602 0.526260
0.349446 0.510825 0.309621 0.456088
0.440334 0.558124 0.358492 0.542132
0.376422 0.066914 0.287292 0.028344
0.710179 0.804000 0.640319 0.759624
0.258651 0.144421 0.203593 0.062508
0.835864 0.022955 0.775755 0.074185
0.073278 0.853788 0.129296 0.877795
0.534698 0.416802 0.596953 0.463958
0.425431 0.286449 0.386558 0.355122
0.561352 0.355283 0.634643 0.416982
0.354592 0.656548 0.419990 0.654238
0.302461 0.397022 0.356554 0.396364
0.766532 0.792859 0.828463 0.726913
0.169389 0.128211 0.107277 0.051625
0.752782 0.821763 0.778296 0.897837
0.098281 0.868487 0.193756 0.867178
0.592950 0.666563 0.517683 0.697800
0.532579 0.883650 0.575092 0.973030
0.256577 0.846624 0.348163 0.834980
0.208258 0.360212 0.208084 0.287048
0.184802 0.178081 0.221158 0.140190
0.690130 0.195887 0.627322 0.207834
0.159853 0.867913 0.104191 0.839310
0.152965 0.471637 0.233906 0.438111
0.295845 0.485404 0.356996 0.421680
0.917193 0.202136 0.940777 0.129241
0.910864 0.221226 0.873605 0.270181
0.006117 0.974508 0.101719 1.003186
0.119625 0.387592 0.051938 0.353566
0.772226 0.694555 0.724201 0.726285
0.213133 0.734188 0.129300 0.765890
0.078991 0.538486 0.106197 0.464154
0.892460 0.258857 0.867357 0.213435
0.027224 0.478815 0.100584 0.497006
0.387347 0.691468 0.326118 0.746028
0.428072 0.522610 0.429058 0.611070
0.654682 0.831971 0.646196 0.764016
0.352784 0.072553 0.405317 0.067380
0.477044 0.817877 0.519546 0.752492
0.104417 0.073169 0.131539 -0.015868
0.339140 0.996969 0.321818 0.917085
0.369483 0.412252 0.327828 0.469869
0.197775 0.663982 0.196470 0.723714
0.160312 0.504896 0.200042 0.593767
0.520960 0.041784 0.475574 0.067331
0.274188 0.961954 0.370003 0.961704
0.374099 0.956607 0.283003 0.938254
0.972846 0.700491 1.059775 0.676981
0.064612 0.801532 0.110654 0.718291
0.860356 0.400913 0.949638 0.380592
0.254948 0.322499 0.267221 0.386021
0.959394 0.944242 1.028943 0.941264
0.695911 0.559410 0.752822 0.489897
0.489716 0.186552 0.485400 0.128460
0.742280 0.216008 0.734635 0.314475
0.547974 0.252432 0.457554 0.227993
0.054055 0.759279 0.062625 0.845974
0.575067 0.836720 0.575415 0.926089
0.047538 0.268437 0.103163 0.283565
0.533180 0.946407 0.523192 1.027849
0.221930 0.079958 0.174013 0.165993
0.524548 0.945249 0.447223 0.954388
0.034625 0.916172 -0.010287 0.967440
0.640441 0.586965 0.717690 0.569680
0.590840 0.698305 0.581359 0.761732
0.284705 0.186503 0.207692 0.150578
0.399047 0.919290 0.312547 0.938618
0.165764 0.550125 0.155967 0.634953
0.714927 0.985415 0.789806 0.992375
0.169854 0.742656 0.157580 0.796731
0.099729 0.713388 0.030106 0.729729
0.618650 0.949975 0.533879 0.913745
0.071224 0.730656 0.002392 0.719474
0.992458 0.665710 1.067905 0.670086
0.660744 0.180553 0.714033 0.263250
0.076556 0.462394 0.141591 0.432023
0.841365 0.931926 0.829648 1.030150
0.851829 0.430183 0.837791 0.359890
0.370155 0.293925 0.293384 0.266757
0.150807 0.219189 0.056734 0.185818
0.274558 0.211516 0.193385 0.223264
0.992213 0.454239 1.019594 0.530841
0.905490 0.216254 0.970525 0.204443
0.424478 0.633829 0.346567 0.646221
0.808765 0.849914 0.815431 0.944572
0.249853 0.751915 0.177390 0.763138
0.488385 0.088254 0.433325 0.102282
0.521326 0.368656 0.556241 0.322869
0.965819 0.282832 1.004388 0.338956
0.883456 0.349925 0.869193 0.402575
0.331191 0.530797 0.252530 0.585565
0.476595 0.330432 0.515849 0.267064
0.615348 0.517225 0.649015 0.453941
0.450231 0.833154 0.450459 0.757689
0.344941 0.084257 0.295064 0.122368
0.935156 0.437158 0.960498 0.505420
0.413079 0.985373 0.362671 1.033893
0.295481 0.441389 0.341415 0.522220
0.988623 0.220491 1.082136 0.201944
0.620700 0.874767 0.530812 0.857666
0.969205 0.079545 0.898518 0.113142
0.389636 0.659421 0.387002 0.714402
0.929038 0.759012 0.991496 0.683909
0.857344 0.281428 0.802845 0.291664
0.819032 0.379479 0.736918 0.417044
0.018825 0.378255 -0.029911 0.307081
0.114353 0.544967 0.087166 0.474247
0.722089 0.150316 0.698980 0.083435
0.554957 0.729863 0.634217 0.788444
0.161979 0.690363 0.232341 0.628936
0.378695 0.404427 0.354797 0.336721
0.528857 0.268693 0.538047 0.183721
0.530724 0.915008 0.468778 0.883659
0.947980 0.310891 0.947846 0.370678
0.358965 0.564597 0.306843 0.614976
0.178956 0.090283 0.102722 0.148819
0.037542 0.709216 0.064200 0.783035
0.230992 0.740095 0.238853 0.792401
0.568898 0.453994 0.499911 0.487694
0.640074 0.520934 0.664714 0.594899
0.332317 0.302678 0.289901 0.366284
0.616253 0.088176 0.709368 0.059239
0.586334 0.179048 0.659178 0.119891
0.820108 0.937654 0.823304 1.018458
0.941337 0.101407 1.019033 0.162081
0.874352 0.831150 0.824613 0.745028
0.380991 0.974272 0.472065 1.013129
0.317774 0.799210 0.305717 0.886202
0.340610 0.134584 0.335116 0.045282
0.062521 0.578349 0.134441 0.525458
0.424177 0.147508 0.415220 0.066385
0.955714 0.805674 0.907340 0.883915
0.467857 0.031955 0.532212 -0.043285
0.825432 0.016008 0.734558 0.056629
0.123220 0.564807 0.129918 0.491506
0.087848 0.570495 0.144952 0.544860
0.362650 0.295715 0.311520 0.271539
0.332426 0.464909 0.417748 0.453500
0.878369 0.528815 0.932687 0.590753
0.678466 0.019340 0.646991 0.109806
0.578328 0.591694 0.505302 0.539178
0.121941 0.787972 0.111228 0.856980
0.335143 0.865067 0.262177 0.929734
0.365985 0.947323 0.430732 0.881366
0.167581 0.252017 0.151014 0.341215
0.691194 0.966125 0.780195 0.971254
0.184887 0.721400 0.138659 0.798403
0.163613 0.990810 0.229794 0.957260
0.248181 0.577814 0.231285 0.504633
0.000069 0.132675 0.089784 0.173405
0.606816 0.400663 0.528301 0.354782
0.723734 0.032609 0.773831 0.084456
0.424090 0.451016 0.328393 0.436797
0.287331 0.279538 0.278916 0.202966
0.779858 0.536889 0.738843 0.573367
0.901413 0.592558 0.804291 0.576094
0.991544 0.908076 1.011061 0.984943
0.414203 0.420723 0.511958 0.417198
0.696553 0.034830 0.642540 0.029371
0.935308 0.369107 0.840413 0.376730
0.115985 0.132227 0.205751 0.135935
0.081536 0.968413 -0.002232 1.018823
0.039375 0.936381 0.008984 0.854834
0.941234 0.295533 1.016143 0.340787
0.591838 0.435728 0.593662 0.359595
0.867669 0.840235 0.821334 0.860257
0.737022 0.076347 0.789479 0.047459
0.502232 0.712689 0.408627 0.685093
0.641134 0.887361 0.674926 0.966121
0.030729 0.842093 0.081688 0.861171
0.690401 0.991411 0.645523 1.046911
0.773400 0.763397 0.685539 0.757431
0.101514 0.232234 0.065821 0.285862
0.687085 0.868564 0.681259 0.772635
0.570953 0.888841 0.598163 0.802500
0.233964 0.172617 0.277127 0.124547
0.637330 0.564854 0.559266 0.562968
0.015292 0.933684 0.078293 0.866657
0.620729 0.792247 0.566784 0.766814
0.465361 0.307614 0.457133 0.378820
0.792055 0.671604 0.733424 0.633077
0.966733 0.745014 1.030182 0.811849
0.687536 0.057127 0.702630 -0.015044
0.633394 0.922315 0.587298 0.849522
0.102668 0.196470 0.041252 0.210148
0.154264 0.504050 0.132065 0.575130
0.838510 0.766068 0.810370 0.854104
0.647985 0.676515 0.705718 0.683880
0.724474 0.405131 0.741412 0.481086
0.914223 0.128528 0.931283 0.035803
0.281446 0.748179 0.197908 0.743269
0.774189 0.675688 0.812402 0.614470
0.943732 0.249420 0.914809 0.315564
0.325386 0.855595 0.322863 0.765571
0.726900 0.749578 0.784036 0.680674
0.737923 0.981383 0.689142 1.016920
0.371238 0.963032 0.414289 0.890929
0.313072 0.570816 0.227335 0.605378
0.902978 0.488941 0.976381 0.455098
0.928777 0.383182 0.894489 0.290822
0.262416 0.973458 0.256448 1.036900
0.306786 0.798107 0.307615 0.889276
0.563032 0.698354 0.473609 0.715897
0.702102 0.734714 0.683645 0.656530
0.386077 0.926961 0.436402 1.005946
0.170286 0.833663 0.245411 0.839854
0.838334 0.500318 0.766207 0.445676
0.953513 0.042793 0.929620 0.106071
0.309555 0.705102 0.264499 0.658580
0.874068 0.245776 0.860738 0.186831
0.866167 0.241455 0.915352 0.326947
0.308956 0.457036 0.267936 0.499763
0.462026 0.862323 0.430680 0.780056
0.100420 0.127183 0.070060 0.047027
0.298447 0.828766 0.338188 0.863372
0.798916 0.788036 0.866035 0.751276
0.475083 0.099172 0.413004 0.100771
0.294601 0.114649 0.371637 0.147546
0.184768 0.315721 0.131531 0.265162
0.594230 0.481034 0.633999 0.435403
0.622123 0.926755 0.620378 1.006239
0.562901 0.288969 0.593104 0.241185
0.204033 0.861318 0.236881 0.944124
0.281518 0.488361 0.235640 0.453239
0.789748 0.900458 0.768318 0.959037
0.100966 0.954140 0.031517 1.023281
0.423181 0.535562 0.343001 0.482654
0.993194 0.154869 1.005972 0.097961
0.610697 0.018595 0.615224 0.097395
0.941787 0.876313 0.853122 0.833577
0.102676 0.815654 0.133429 0.894054
0.259156 0.352144 0.335125 0.300529
0.400672 0.664001 0.439729 0.613183
0.196034 0.104220 0.156821 0.174251
0.512940 0.934897 0.584615 0.947822
0.342770 0.666822 0.403727 0.609051
0.528412 0.366122 0.520098 0.428064
0.208878 0.367753 0.261305 0.329032
0.725686 0.452502 0.789146 0.415183
0.675628 0.520952 0.631722 0.481828
0.918830 0.108846 1.009376 0.129547
0.670117 0.696223 0.692988 0.601134
0.123887 0.708771 0.130418 0.648419
0.898371 0.829858 0.975284 0.850276
0.487773 0.580935 0.413578 0.564636
0.108488 0.296313 0.162139 0.329790
0.890161 0.109022 0.962580 0.176695
0.647498 0.949159 0.600762 0.864634
0.559384 0.802927 0.510377 0.861494
0.838195 0.327880 0.854380 0.245754
0.978314 0.731189 1.005807 0.660182
0.981119 0.633273 0.926549 0.683154
0.296155 0.722969 0.323083 0.803697
0.069451 0.871371 0.126709 0.841037
0.852437 0.156894 0.804195 0.115394
0.696347 0.456250 0.706114 0.546834
0.856118 0.935719 0.855425 0.848559
0.047271 0.014937 0.109263 -0.010601
0.012156 0.465617 0.039695 0.403734
0.073528 0.804995 0.139128 0.761183
0.777134 0.068941 0.793938 -0.020949
0.566979 0.376750 0.477833 0.415782
0.309826 0.739864 0.374537 0.762312
0.613291 0.999200 0.612152 0.900252
0.832614 0.831256 0.859050 0.743740
0.409256 0.413708 0.419675 0.341882
0.129486 0.667671 0.086720 0.700267
0.868648 0.942312 0.828300 0.904515
0.217972 0.855089 0.279929 0.889284
0.086368 0.241707 0.055665 0.194121
0.998685 0.861961 1.057885 0.813629
0.815807 0.918449 0.908516 0.920237
0.002114 0.132150 -0.059331 0.168904
0.005889 0.874669 0.058068 0.891790
0.330733 0.791802 0.332846 0.711759
0.656912 0.948084 0.605519 0.891392
0.732692 0.031634 0.720195 0.087956
0.723258 0.958773 0.687611 0.891471
0.044568 0.329557 -0.022017 0.257551
0.586900 0.093629 0.494090 0.095031
0.471876 0.445280 0.407368 0.492972
0.371495 0.473916 0.366857 0.526319
0.460196 0.428342 0.434095 0.332417
0.541095 0.134025 0.498947 0.183576
0.382972 0.094334 0.345291 0.156182
0.982479 0.213921 1.026215 0.270890
0.516650 0.481936 0.530703 0.425140
0.947383 0.881624 0.972955 0.788342
0.613224 0.935919 0.553358 1.007802
0.249162 0.645212 0.163057 0.611625
0.782592 0.210999 0.794412 0.123805
0.358545 0.421008 0.393134 0.384238
0.656164 0.730835 0.613687 0.803645
0.580629 0.059872 0.531815 0.023707
0.881929 0.736201 0.935692 0.810574
0.251150 0.399551 0.196882 0.321368
0.737805 0.922893 0.775447 0.968631
0.810629 0.495209 0.772275 0.444639
0.957178 0.444311 0.894049 0.509631
0.486665 0.422687 0.455760 0.339363
0.712942 0.051941 0.725219 0.142392
0.245541 0.581965 0.189678 0.626776
0.994239 0.627219 1.067439 0.670433
0.855917 0.087418 0.794473 0.128595
0.283604 0.417450 0.186011 0.419590
0.929883 0.548846 0.901070 0.594211
0.398768 0.297938 0.329391 0.307747
0.482343 0.691527 0.428096 0.722268
0.253156 0.002410 0.160733 0.023308
0.905956 0.789707 0.812524 0.818626
0.040849 0.889081 0.100571 0.845310
0.988645 0.883426 0.977715 0.819984
0.705591 0.062354 0.750564 0.095189
0.437407 0.991043 0.398485 0.958249
0.956552 0.003037 1.042490 -0.007023
0.327397 0.113093 0.269910 0.066795
0.648587 0.663545 0.613279 0.572414
0.777617 0.944722 0.698587 0.979550
0.446685 0.234696 0.470524 0.176766
0.460004 0.552244 0.404709 0.554818
0.736228 0.314150 0.657413 0.351191
0.449293 0.550925 0.404365 0.527135
0.380557 0.016837 0.322207 0.021009
0.243830 0.681028 0.284157 0.636665
0.363586 0.336247 0.422433 0.311411
0.361599 0.930998 0.383707 1.023433
0.356492 0.636523 0.399532 0.702773
0.759901 0.085857 0.790265 0.012784
0.800446 0.297722 0.722872 0.251210
0.006121 0.708923 -0.040464 0.763573
0.042252 0.569016 -0.043523 0.526581
0.455829 0.381272 0.411738 0.418745
0.753279 0.514500 0.849582 0.514334
0.646960 0.564343 0.740433 0.594199
0.788005 0.040346 0.717031 0.041912
0.041487 0.630078 -0.022757 0.672411
0.197963 0.452521 0.266037 0.475102
0.001004 0.742492 0.074031 0.747991
0.979587 0.577699 1.021712 0.624179
0.244271 0.040058 0.179962 0.037502
0.359282 0.417650 0.412304 0.334336
0.162962 0.872040 0.087734 0.914280
0.021896 0.979346 0.066951 1.053584
0.041965 0.894150 -0.005831 0.912032
0.541868 0.644501 0.464410 0.583531
0.779884 0.979082 0.755521 0.885378
0.681269 0.948455 0.657640 1.036396
0.540436 0.665993 0.592425 0.678188
0.020526 0.366382 0.073025 0.415205
0.678733 0.871923 0.718799 0.958973
0.362094 0.040638 0.413698 -0.026977
0.952700 0.928673 0.932668 0.851583
0.102976 0.925321 0.116999 0.869144
0.358624 0.316212 0.429096 0.366987
0.272931 0.443150 0.343505 0.379518
0.649635 0.940915 0.702587 0.881955
0.849227 0.542804 0.812870 0.469097
0.521754 0.356483 0.530654 0.303015
0.294606 0.649625 0.336525 0.678535
0.260335 0.237364 0.324589 0.230694
0.019931 0.138136 0.067950 0.086437
0.064981 0.362041 0.112016 0.381836
0.440636 0.084642 0.487642 0.055222
0.944034 0.308999 0.884061 0.386934
0.693298 0.236080 0.721651 0.169894
0.044720 0.653506 -0.020249 0.606660
0.946174 0.129273 0.995015 0.166357
0.446336 0.968057 0.495400 1.015657
0.898945 0.924225 0.953114 0.867145
0.604762 0.023522 0.588449 -0.041465
0.998569 0.729388 0.940637 0.772216
0.788311 0.515589 0.830967 0.580019
0.590142 0.855321 0.518810 0.844240
0.856269 0.842622 0.763440 0.840374
0.244140 0.615537 0.193500 0.660283
0.741210 0.807757 0.717504 0.875254
0.857193 0.969806 0.765259 0.987973
0.044031 0.332817 0.044910 0.246774
0.103860 0.999489 0.119458 0.919017
0.059021 0.804505 0.126161 0.744491
0.680761 0.627374 0.721640 0.550980
0.815977 0.886612 0.902042 0.869385
0.053611 0.772681 0.031829 0.839685
0.615719 0.476597 0.534535 0.453341
0.539038 0.387323 0.565426 0.344842
0.603807 0.327752 0.675688 0.260924
0.906070 0.680224 0.851131 0.680971
0.682876 0.688339 0.613987 0.706489
0.530232 0.952608 0.521640 1.018196
0.706379 0.795504 0.686263 0.713280
0.860828 0.603560 0.936474 0.611525
0.135650 0.285948 0.206944 0.267382
0.425277 0.387037 0.380700 0.299429
0.321149 0.344993 0.257918 0.306746
0.229744 0.106593 0.226693 0.200086
0.173808 0.911994 0.239629 0.954203
0.230756 0.479685 0.316292 0.432994
0.515857 0.027003 0.573557 0.049703
0.418391 0.317799 0.496921 0.287411
0.563475 0.437239 0.591344 0.394244
0.575783 0.721283 0.635992 0.710789
0.506327 0.652355 0.588614 0.703017
0.270846 0.704804 0.330331 0.754691
0.804325 0.731805 0.805724 0.807948
0.303881 0.082368 0.260026 0.149045
0.972061 0.082168 1.025174 0.014766
0.753226 0.524942 0.797075 0.564702
0.847957 0.411161 0.833684 0.340684
0.300081 0.014985 0.205480 0.030180
0.612686 0.413782 0.545083 0.457563
0.440960 0.800482 0.374550 0.744043
0.231679 0.176728 0.197109 0.125021
0.047438 0.185472 0.121046 0.252137
0.179231 0.276003 0.191502 0.193006
0.348698 0.086543 0.319515 0.016331
0.110860 0.602808 0.191779 0.600198
0.445470 0.388249 0.496683 0.331329
0.657463 0.659685 0.715857 0.603069
0.934973 0.084787 0.897454 0.034610
0.508128 0.041757 0.463678 -0.007549
0.186597 0.555853 0.268975 0.572383
0.266629 0.781356 0.319943 0.748146
0.450418 0.039526 0.372238 -0.017538
0.345033 0.838637 0.395452 0.847389
0.054817 0.900346 0.088709 0.955317
0.907588 0.753243 0.828825 0.786492
0.767870 0.870723 0.829419 0.902241
0.213204 0.500689 0.137144 0.557823
0.479742 0.204376 0.422420 0.228437
0.589026 0.361695 0.491196 0.352038
0.505714 0.629102 0.576610 0.577398
0.393459 0.609716 0.377790 0.561263
0.171788 0.576192 0.104923 0.584497
0.304721 0.643222 0.354622 0.571895
0.006844 0.422715 0.085099 0.413638
0.123338 0.247404 0.065926 0.256282
0.102410 0.779713 0.022202 0.736261
0.471825 0.540467 0.521886 0.610743
0.267011 0.315772 0.231835 0.258138
0.123632 0.292979 0.203973 0.291878
0.291714 0.964373 0.389256 0.950885
0.557448 0.914873 0.637491 0.936306
0.431978 0.935179 0.499228 0.937458
0.576367 0.527859 0.645042 0.482557
0.710167 0.007279 0.777125 0.019333
0.835615 0.111592 0.772479 0.114737
0.121301 0.734704 0.151192 0.665321
0.647926 0.134128 0.710599 0.078531
0.826095 0.168411 0.769000 0.099788
0.599501 0.901995 0.599137 0.845336
0.638642 0.792552 0.615472 0.724624
0.191787 0.243530 0.241471 0.325559
0.671395 0.489322 0.721017 0.405704
0.320267 0.353269 0.373251 0.357348
0.801187 0.477553 0.769127 0.407560
0.909833 0.752307 0.831153 0.708714
0.691872 0.993341 0.656897 1.037703
0.157489 0.769488 0.131176 0.697534
0.759291 0.959595 0.823197 1.029634
0.705730 0.850171 0.788683 0.814198
0.809197 0.197307 0.774933 0.104877
0.065247 0.881624 0.124512 0.859054
0.283319 0.713379 0.232699 0.689232
0.752338 0.113340 0.838346 0.155544
0.764922 0.232541 0.839799 0.263724
0.959909 0.186934 1.025910 0.226282
0.846881 0.838847 0.807218 0.903548
0.060502 0.632881 -0.036882 0.650015
0.833069 0.886960 0.909274 0.909680
0.950747 0.539922 1.035035 0.574311
0.539286 0.084446 0.577808 0.052309
0.092800 0.371407 0.046771 0.400524
0.923385 0.847555 0.944423 0.934486
0.560061 0.769226 0.598622 0.859060
0.120811 0.443704 0.069745 0.399735
0.366249 0.651852 0.342606 0.564896
0.633401 0.680007 0.546642 0.670477
0.463412 0.518273 0.400932 0.467679
0.562440 0.255021 0.612750 0.334121
0.347717 0.040752 0.423798 0.020446
0.200913 0.680224 0.111409 0.689341
0.716906 0.037510 0.779553 -0.025249
0.530167 0.003066 0.621259 0.027027
0.690190 0.348336 0.608094 0.299184
0.849176 0.511713 0.908118 0.549126
0.191516 0.928963 0.205008 1.002856
0.905734 0.423729 0.866618 0.382523
0.898952 0.167947 0.915022 0.074464
0.841660 0.465938 0.785127 0.466571
0.714895 0.418787 0.676936 0.371761
0.253015 0.347882 0.195997 0.424862
0.704743 0.502854 0.699743 0.556699
0.863608 0.439020 0.945161 0.392966
0.782892 0.244717 0.693320 0.280287
0.986363 0.400656 0.949563 0.345429
0.209723 0.270857 0.292922 0.305884
0.083456 0.306332 0.054502 0.261819
0.155417 0.595300 0.213408 0.617125
0.894433 0.191254 0.815523 0.240225
0.449400 0.556465 0.372867 0.578785
0.201527 0.918977 0.269474 0.851851
0.213037 0.156601 0.297225 0.183174
0.484111 0.125812 0.387753 0.142950
0.629046 0.802056 0.570534 0.828134
0.229179 0.474012 0.245235 0.405587
0.236757 0.717119 0.264028 0.768324
0.662560 0.309255 0.565056 0.328118
0.385455 0.090971 0.396930 -0.000012
0.946741 0.617407 0.902083 0.684517
0.722034 0.873919 0.784422 0.950615
0.149194 0.672687 0.124089 0.610057
0.086640 0.308698 0.035807 0.358888
0.386703 0.974419 0.470451 0.975682
0.990815 0.804258 0.901852 0.802369
0.911330 0.574369 0.855112 0.597804
0.522631 0.396516 0.475548 0.430607
0.630477 0.399988 0.604021 0.333690
0.921185 0.120440 0.962514 0.053348
0.678769 0.727918 0.609648 0.718318
0.084853 0.000287 0.163719 0.041790
0.972648 0.175671 1.003097 0.220291
0.326778 0.537263 0.365965 0.581392
0.145550 0.283223 0.152016 0.345094
0.185273 0.815744 0.150473 0.748518
0.492781 0.781060 0.482898 0.726016
0.004260 0.685635 0.064019 0.661895
0.688809 0.017869 0.753196 0.056037
0.504256 0.544884 0.507289 0.493939
0.795982 0.723273 0.777737 0.674129
0.669092 0.767583 0.649525 0.855982
0.185494 0.338841 0.126326 0.288535
0.757716 0.434776 0.712915 0.381992
0.548499 0.927818 0.553191 0.841092
0.590458 0.696919 0.610316 0.747301
0.600476 0.589706 0.653558 0.650105
0.255210 0.950783 0.271011 0.875497
0.406519 0.742717 0.443754 0.662824
0.859070 0.161899 0.767180 0.167210
0.855482 0.030884 0.845194 -0.052140
0.693472 0.038226 0.769898 0.013232
0.532695 0.448426 0.474364 0.427128
0.850558 0.847867 0.768229 0.902483
0.277814 0.366014 0.348399 0.387064
0.561211 0.266977 0.561234 0.352041
0.584349 0.740161 0.605957 0.816504
0.600276 0.192053 0.694073 0.204775
0.469487 0.870517 0.523934 0.931529
0.304353 0.678215 0.330532 0.736277
0.588847 0.241271 0.539433 0.252774
0.502383 0.403400 0.564857 0.402556
0.153324 0.302371 0.236253 0.295337
0.257982 0.003243 0.293417 0.062580
0.443311 0.803128 0.529135 0.769754
0.769165 0.389960 0.818567 0.342760
0.284390 0.499723 0.311238 0.412485
0.036322 0.688670 0.052438 0.766707
0.120880 0.754150 0.072607 0.809725
0.198025 0.087478 0.246664 0.162820
0.121407 0.898343 0.115830 0.838370
0.778472 0.499131 0.721193 0.423194
0.608267 0.670307 0.662006 0.680094
0.898071 0.125949 0.989202 0.116278
0.317747 0.897567 0.281151 0.817575
0.677677 0.745221 0.627808 0.725359
0.831266 0.319128 0.893492 0.369952
0.091809 0.583994 0.126451 0.620405
0.505848 0.466193 0.557667 0.456850
0.793710 0.430797 0.833922 0.364938
0.765430 0.606374 0.713258 0.524831
0.543934 0.341634 0.514220 0.273234
0.668563 0.259509 0.638168 0.320445
0.723655 0.470690 0.788143 0.536461
0.089563 0.377456 0.146163 0.398398
0.856871 0.540772 0.787294 0.475595
0.699875 0.491889 0.688204 0.590774
0.213956 0.405892 0.288105 0.386374
0.882047 0.902931 0.862357 0.966829
0.906392 0.130039 0.975579 0.164674
0.076153 0.432908 0.069061 0.349022
0.197209 0.499303 0.267647 0.523271
0.265314 0.266580 0.312740 0.183707
0.291842 0.068122 0.220270 0.118438
0.655578 0.568921 0.665327 0.490080
0.908781 0.193166 0.878707 0.104691
0.348315 0.158729 0.397973 0.242930
0.665496 0.620748 0.646890 0.546012
0.150279 0.957773 0.174141 1.043515
0.482905 0.336333 0.431590 0.399703
0.732899 0.289565 0.665470 0.294083
0.505383 0.701074 0.594166 0.739274
0.694092 0.425604 0.788805 0.406545
0.056300 0.525198 0.020032 0.574115
0.479963 0.955204 0.538434 0.928195
0.720596 0.654286 0.627025 0.681306
0.026485 0.484345 -0.019949 0.539240
0.520948 0.018159 0.515257 -0.061141
0.279933 0.056421 0.200799 0.086116
0.108293 0.227511 0.203887 0.210345
0.794360 0.726098 0.842283 0.792197
0.931522 0.810435 0.991882 0.868652
0.774503 0.188271 0.729823 0.124817
0.155787 0.196074 0.197920 0.278029
0.495511 0.652066 0.467213 0.568844
0.419388 0.532912 0.508101 0.514417
0.369417 0.677871 0.335864 0.611100
0.845673 0.500662 0.813592 0.418661
0.250806 0.911164 0.323582 0.935146
0.248891 0.055374 0.260924 -0.037656
0.821940 0.793294 0.833820 0.861340
0.883114 0.512707 0.871183 0.444896
0.530140 0.999936 0.467769 1.024932
0.395388 0.508943 0.332366 0.539002
0.987330 0.297253 0.947203 0.381957
0.042429 0.140381 0.077157 0.219076
0.007996 0.569022 0.022517 0.667377
0.760790 0.427367 0.698663 0.495538
0.658673 0.101714 0.587862 0.088649
0.408030 0.942709 0.327155 0.897828
0.452515 0.824437 0.491811 0.778929
0.820862 0.612109 0.877304 0.672262
0.899230 0.152468 0.863186 0.091127
0.047554 0.348950 0.114158 0.285544
0.224335 0.772491 0.233673 0.846570
0.759673 0.413740 0.762741 0.467472
0.969810 0.022844 0.933784 -0.019728
0.476322 0.775975 0.448563 0.729509
0.686554 0.203494 0.717822 0.292139
0.558516 0.734983 0.636645 0.756458
0.898115 0.819460 0.814209 0.831334
0.059608 0.132321 0.055193 0.213249
0.860940 0.564742 0.787773 0.603285
0.023990 0.178179 -0.048545 0.204005
0.865611 0.520203 0.821884 0.457977
0.561839 0.972442 0.615064 1.025409
0.846456 0.393879 0.792524 0.374480
0.054165 0.216034 0.004185 0.198685
0.960529 0.004258 0.998181 -0.064109
0.684613 0.340152 0.729346 0.388859
0.771775 0.122657 0.711845 0.104722
0.758034 0.330913 0.717307 0.252117
0.000860 0.040276 -0.073960 0.047726
0.966896 0.692131 1.022474 0.675634
0.025855 0.059893 -0.034241 0.104979
0.651825 0.711898 0.671510 0.781265
0.408343 0.643269 0.453662 0.575763
0.552157 0.951132 0.507347 0.883346
0.655514 0.631996 0.627996 0.714064
0.352076 0.239273 0.306138 0.167413
0.040668 0.416322 -0.030592 0.386764
0.447677 0.826087 0.407786 0.766995
0.188069 0.296218 0.246047 0.267991
0.494284 0.863531 0.474238 0.785273
0.405528 0.314825 0.366779 0.376596
0.773352 0.358183 0.863834 0.389386
0.110514 0.441046 0.128415 0.345487
0.830837 0.815270 0.861392 0.736732
0.790320 0.075070 0.826652 0.139701
0.885837 0.985492 0.802311 0.974862
0.583790 0.167386 0.565253 0.225772
0.884491 0.194093 0.823081 0.205389
0.720787 0.890328 0.782343 0.816643
0.269646 0.449108 0.328699 0.503405
0.084089 0.588528 0.030475 0.623676
0.874247 0.220118 0.905272 0.136490
0.958785 0.942454 0.994420 0.873868
0.899325 0.060229 0.831933 0.086133
0.706165 0.744286 0.764110 0.745426
0.736021 0.018747 0.731600 0.112183
0.537978 0.032714 0.630758 0.021102
0.163585 0.371469 0.203854 0.339596
0.425788 0.914330 0.464038 0.830227
0.945054 0.591100 0.877758 0.544771
0.348134 0.206288 0.426000 0.159587
0.479248 0.259659 0.471756 0.338697
0.438972 0.249185 0.486514 0.215806
0.182905 0.396275 0.256350 0.430525
0.963337 0.425105 0.932998 0.489847
0.426152 0.714815 0.412529 0.765789
0.177394 0.868224 0.112547 0.833308
0.714125 0.846866 0.646553 0.897441
0.687166 0.791788 0.625798 0.752047
0.529932 0.656895 0.602171 0.693799
0.549519 0.874924 0.626909 0.855490
0.671162 0.984070 0.631766 0.902201
0.395267 0.775272 0.393211 0.683132
0.978052 0.120535 0.891356 0.120600
0.463329 0.194521 0.397432 0.231101
0.906615 0.113460 0.961382 0.093052
0.168490 0.029500 0.244502 0.003470
0.448928 0.563577 0.412718 0.474416
0.695693 0.035682 0.629105 0.016235
0.997943 0.779598 0.995745 0.846339
0.225075 0.503135 0.258638 0.461000
0.349765 0.029967 0.406624 -0.002813
0.823658 0.294644 0.890868 0.257293
0.334566 0.339090 0.318358 0.419968
0.966966 0.340627 0.993832 0.297500
0.852632 0.624138 0.766966 0.652639
0.155340 0.495026 0.193365 0.562628
0.886702 0.738172 0.853000 0.658705
0.091957 0.149196 0.122214 0.222607
0.420212 0.767377 0.414080 0.677491
0.743155 0.129603 0.645466 0.120788
0.122582 0.066539 0.165828 0.035972
0.001190 0.109733 0.015786 0.033966
0.258189 0.350148 0.263434 0.423350
0.697580 0.190561 0.729251 0.274833
0.429960 0.378941 0.436930 0.300569
0.871400 0.268112 0.911172 0.344662
0.688327 0.837174 0.644130 0.890304
0.827056 0.398844 0.782163 0.453129
0.252634 0.412489 0.161813 0.416765
0.696111 0.954328 0.690282 0.861892
0.716451 0.538585 0.804969 0.567626
0.323101 0.214706 0.236847 0.202161
0.323792 0.321308 0.264121 0.291617
0.403320 0.737933 0.321267 0.723014
0.195055 0.887815 0.130021 0.936659
0.461581 0.106855 0.378136 0.120771
0.791585 0.291365 0.740165 0.290731
0.836783 0.313539 0.849558 0.229609
0.186386 0.548840 0.221357 0.586681
0.039253 0.019565 -0.006083 -0.043050
0.964293 0.491294 1.011645 0.407721
0.473330 0.770532 0.534210 0.765934
0.594867 0.311063 0.564267 0.263613
0.576205 0.834290 0.547007 0.742153
0.123375 0.253216 0.188863 0.255884
0.858409 0.806582 0.859107 0.723759
0.008060 0.796002 -0.072369 0.786869
0.615004 0.404033 0.595678 0.348417
0.563792 0.008665 0.612156 -0.032996
0.023096 0.061431 0.050484 -0.005851
0.929819 0.853341 0.981045 0.774379
0.836684 0.699878 0.786784 0.654235
0.551637 0.720354 0.536922 0.643252
0.605099 0.922222 0.555230 0.940048
0.728402 0.706256 0.690098 0.759556
0.600807 0.975576 0.648343 0.895870
0.947943 0.579893 0.855486 0.566879
0.517759 0.500112 0.550495 0.424976
0.315497 0.257753 0.397382 0.210243
0.146805 0.704656 0.105722 0.614649
0.964899 0.164658 0.971475 0.110376
0.868200 0.797999 0.781943 0.841622
0.777112 0.907055 0.777967 0.963534
0.122174 0.325210 0.054334 0.364775
0.337563 0.060260 0.370797 0.146804
0.193714 0.258199 0.152552 0.180813
0.450789 0.097071 0.518552 0.147167
0.859681 0.295909 0.785103 0.263760
0.590718 0.563122 0.674246 0.532308
0.789985 0.634995 0.842716 0.676756
