0.704448 0.973484 0.907582 0.920904
0.221342 0.131146 0.138991 -0.132943
0.529767 0.185361 0.406015 0.296607
0.861858 0.759516 0.672077 0.539288
0.729318 0.922985 0.558522 0.725126
0.164954 0.715833 -0.008174 0.575548
0.801358 0.705403 0.632637 0.582319
0.393219 0.074845 0.233715 -0.111598
0.117656 0.765553 0.005008 0.908750
0.601603 0.331591 0.621921 0.120554
0.634482 0.865350 0.607334 1.159232
0.867946 0.621022 0.966585 0.770342
0.020733 0.000449 0.179511 0.242622
0.268261 0.431021 0.465017 0.587298
0.297321 0.570968 0.334621 0.831664
0.584777 0.970719 0.788498 0.899321
0.772487 0.760414 0.594334 0.670465
0.521540 0.794409 0.308718 0.860690
0.861522 0.128004 0.992690 0.349198
0.819211 0.769635 0.841456 0.987602
0.072409 0.863850 0.135181 0.720668
0.633730 0.508137 0.434309 0.356835
0.318364 0.917283 0.508075 0.825144
0.299595 0.450560 0.314801 0.249852
0.814753 0.678383 0.615752 0.867558
0.512966 0.312208 0.374242 0.404263
0.213670 0.163396 0.009526 0.055876
0.236269 0.021529 0.317858 -0.233590
0.465991 0.061287 0.676190 -0.053477
0.414959 0.964246 0.317786 0.710717
0.516958 0.837789 0.677017 0.630575
0.047234 0.610357 -0.034429 0.864224
0.578834 0.310873 0.457796 0.431408
0.330981 0.697712 0.526382 0.805405
0.201217 0.736857 -0.036243 0.596445
0.261083 0.219833 0.480007 0.043134
0.759471 0.220990 0.755494 0.008752
0.651059 0.859768 0.642090 0.566806
0.010453 0.125645 0.072808 0.285775
0.623780 0.756716 0.539359 0.617932
0.864951 0.023484 1.049129 -0.204103
0.789091 0.711155 1.020305 0.887101
0.374867 0.901864 0.359226 0.692109
0.289845 0.068984 0.047157 -0.021755
0.037844 0.860078 -0.148635 0.693994
0.224188 0.944272 0.211007 1.150621
0.132187 0.158601 0.291505 0.102875
0.457156 0.466322 0.374213 0.705376
0.767497 0.728932 0.731945 0.573536
0.414752 0.553279 0.542097 0.307023
0.710158 0.198585 0.849281 0.405104
0.499494 0.988776 0.470870 0.716884
0.481011 0.332390 0.226716 0.346744
0.492567 0.313233 0.316464 0.229693
0.454734 0.665062 0.300137 0.770028
0.329579 0.629060 0.439554 0.816043
0.163932 0.097944 -0.087615 0.174596
0.771388 0.640125 0.680827 0.865793
0.697905 0.320020 0.514468 0.220398
0.052236 0.761978 -0.125358 0.542996
0.216078 0.551392 0.370771 0.495910
0.852976 0.205492 0.579610 0.298231
0.170277 0.886903 0.183332 0.728231
0.098749 0.856105 0.166896 1.017385
0.569284 0.424580 0.591514 0.637002
0.664155 0.556041 0.442677 0.356805
0.669024 0.816747 0.822554 0.573537
0.944359 0.480378 0.761501 0.287449
0.747862 0.054491 0.776896 -0.197738
0.490404 0.932088 0.571921 0.711164
0.496073 0.020987 0.263244 -0.166040
0.302750 0.691144 0.468060 0.613126
0.790322 0.631169 0.995370 0.449542
0.852356 0.062639 0.767278 0.343926
0.832085 0.371056 0.819026 0.191312
0.957538 0.633142 1.163342 0.424046
0.834423 0.009217 0.591433 0.018436
0.756018 0.154418 0.786553 -0.018299
0.412394 0.909814 0.137427 0.839754
0.457733 0.742310 0.346702 0.543572
0.798612 0.434321 0.997560 0.501387
0.159836 0.943985 0.300363 0.834130
0.260039 0.097825 0.440575 0.080123
0.028294 0.358373 0.066002 0.168829
0.402636 0.746267 0.310652 1.016538
0.457119 0.126280 0.392952 -0.070920
0.087942 0.464104 0.326504 0.464211
0.669356 0.285832 0.771420 0.128615
0.478537 0.957413 0.488244 1.169045
0.528245 0.773406 0.475870 0.571090
0.867669 0.120456 1.077193 0.235963
0.073876 0.542581 -0.166928 0.440924
0.133076 0.822617 -0.116920 0.844995
0.965979 0.232998 0.749680 0.325399
0.784609 0.083198 0.983336 -0.130221
0.393754 0.547640 0.171487 0.587089
0.938923 0.153185 0.799578 0.306110
0.356290 0.243130 0.481191 0.435125
0.019637 0.054358 0.299300 0.108959
0.747357 0.723544 1.014924 0.846040
